 295.0    0.00000
 296.0    0.00000
 297.0    0.00000
 298.0    0.00002
 299.0    0.00008
 300.0    0.00030
 301.0    0.00079
 302.0    0.00180
 303.0    0.00372
 304.0    0.00662
 305.0    0.01146
 306.0    0.01929
 307.0    0.03096
 308.0    0.04721
 309.0    0.06691
 310.0    0.08859
 311.0    0.11250
 312.0    0.14050
 313.0    0.17390
 314.0    0.21060
 315.0    0.24760
 316.0    0.28220
 317.0    0.31290
 318.0    0.34000
 319.0    0.36400
 320.0    0.38650
 321.0    0.41220
 322.0    0.44250
 323.0    0.47400
 324.0    0.50230
 325.0    0.52490
 326.0    0.54210
 327.0    0.55900
 328.0    0.57950
 329.0    0.60180
 330.0    0.62300
 331.0    0.64020
 332.0    0.65240
 333.0    0.66130
 334.0    0.67020
 335.0    0.68000
 336.0    0.68930
 337.0    0.69740
 338.0    0.70500
 339.0    0.71330
 340.0    0.72400
 341.0    0.73630
 342.0    0.74630
 343.0    0.74940
 344.0    0.74370
 345.0    0.73250
 346.0    0.72200
 347.0    0.71970
 348.0    0.72850
 349.0    0.74560
 350.0    0.76460
 351.0    0.77790
 352.0    0.77870
 353.0    0.76760
 354.0    0.75260
 355.0    0.74090
 356.0    0.73750
 357.0    0.74340
 358.0    0.75560
 359.0    0.76800
 360.0    0.77080
 361.0    0.76000
 362.0    0.73970
 363.0    0.71800
 364.0    0.70070
 365.0    0.69130
 366.0    0.69130
 367.0    0.69650
 368.0    0.70100
 369.0    0.69980
 370.0    0.68750
 371.0    0.66440
 372.0    0.63510
 373.0    0.60450
 374.0    0.57680
 375.0    0.55380
 376.0    0.53460
 377.0    0.51730
 378.0    0.49930
 379.0    0.47710
 380.0    0.44970
 381.0    0.41720
 382.0    0.38090
 383.0    0.34340
 384.0    0.30590
 385.0    0.26960
 386.0    0.23510
 387.0    0.20230
 388.0    0.17110
 389.0    0.14200
 390.0    0.11510
 391.0    0.09093
 392.0    0.07031
 393.0    0.05328
 394.0    0.03937
 395.0    0.02841
 396.0    0.02007
 397.0    0.01379
 398.0    0.00923
 399.0    0.00603
 400.0    0.00383
 401.0    0.00235
 402.0    0.00140
 403.0    0.00079
 404.0    0.00043
 405.0    0.00021
 406.0    0.00008
 407.0    0.00003
 408.0    0.00002
 409.0    0.00000
 410.0    0.00000
 411.0    0.00000
 412.0    0.00000
 413.0    0.00000
 414.0    0.00000
 415.0    0.00000
 416.0    0.00000
 417.0    0.00000
 418.0    0.00000
 419.0    0.00000
 420.0    0.00000
 421.0    0.00000
 422.0    0.00000
 423.0    0.00000
 424.0    0.00000
 425.0    0.00000
 426.0    0.00000
 427.0    0.00000
 428.0    0.00000
 429.0    0.00000
 430.0    0.00000
 431.0    0.00000
 432.0    0.00000
 433.0    0.00000
 434.0    0.00000
 435.0    0.00000
 436.0    0.00000
 437.0    0.00000
 438.0    0.00000
 439.0    0.00000
 440.0    0.00000
 441.0    0.00000
 442.0    0.00000
 443.0    0.00000
 444.0    0.00000
 445.0    0.00000
 446.0    0.00000
 447.0    0.00000
 448.0    0.00000
 449.0    0.00000
 450.0    0.00000
 451.0    0.00000
 452.0    0.00000
 453.0    0.00000
 454.0    0.00000
 455.0    0.00000
 456.0    0.00000
 457.0    0.00000
 458.0    0.00000
 459.0    0.00000
 460.0    0.00000
 461.0    0.00000
 462.0    0.00000
 463.0    0.00000
 464.0    0.00000
 465.0    0.00000
 466.0    0.00000
 467.0    0.00000
 468.0    0.00000
 469.0    0.00000
 470.0    0.00000
 471.0    0.00000
 472.0    0.00000
 473.0    0.00000
 474.0    0.00000
 475.0    0.00000
 476.0    0.00000
 477.0    0.00000
 478.0    0.00000
 479.0    0.00000
 480.0    0.00000
 481.0    0.00000
 482.0    0.00000
 483.0    0.00000
 484.0    0.00000
 485.0    0.00000
 486.0    0.00000
 487.0    0.00000
 488.0    0.00000
 489.0    0.00000
 490.0    0.00000
 491.0    0.00000
 492.0    0.00000
 493.0    0.00000
 494.0    0.00000
 495.0    0.00000
 496.0    0.00000
 497.0    0.00000
 498.0    0.00000
 499.0    0.00000
 500.0    0.00000
 501.0    0.00000
 502.0    0.00000
 503.0    0.00000
 504.0    0.00000
 505.0    0.00000
 506.0    0.00000
 507.0    0.00000
 508.0    0.00000
 509.0    0.00000
 510.0    0.00000
 511.0    0.00000
 512.0    0.00000
 513.0    0.00000
 514.0    0.00000
 515.0    0.00000
 516.0    0.00000
 517.0    0.00000
 518.0    0.00000
 519.0    0.00000
 520.0    0.00000
 521.0    0.00000
 522.0    0.00000
 523.0    0.00000
 524.0    0.00000
 525.0    0.00000
 526.0    0.00000
 527.0    0.00000
 528.0    0.00000
 529.0    0.00000
 530.0    0.00000
 531.0    0.00000
 532.0    0.00000
 533.0    0.00000
 534.0    0.00000
 535.0    0.00000
 536.0    0.00000
 537.0    0.00000
 538.0    0.00000
 539.0    0.00000
 540.0    0.00000
 541.0    0.00000
 542.0    0.00000
 543.0    0.00000
 544.0    0.00000
 545.0    0.00000
 546.0    0.00000
 547.0    0.00000
 548.0    0.00000
 549.0    0.00000
 550.0    0.00000
 551.0    0.00000
 552.0    0.00000
 553.0    0.00000
 554.0    0.00000
 555.0    0.00000
 556.0    0.00000
 557.0    0.00000
 558.0    0.00000
 559.0    0.00000
 560.0    0.00000
 561.0    0.00000
 562.0    0.00000
 563.0    0.00000
 564.0    0.00000
 565.0    0.00000
 566.0    0.00000
 567.0    0.00000
 568.0    0.00000
 569.0    0.00000
 570.0    0.00000
 571.0    0.00000
 572.0    0.00000
 573.0    0.00000
 574.0    0.00000
 575.0    0.00000
 576.0    0.00000
 577.0    0.00000
 578.0    0.00000
 579.0    0.00000
 580.0    0.00000
 581.0    0.00000
 582.0    0.00000
 583.0    0.00000
 584.0    0.00000
 585.0    0.00000
 586.0    0.00000
 587.0    0.00000
 588.0    0.00000
 589.0    0.00000
 590.0    0.00000
 591.0    0.00000
 592.0    0.00000
 593.0    0.00000
 594.0    0.00000
 595.0    0.00000
 596.0    0.00000
 597.0    0.00000
 598.0    0.00000
 599.0    0.00000
 600.0    0.00000
 601.0    0.00000
 602.0    0.00000
 603.0    0.00000
 604.0    0.00000
 605.0    0.00000
 606.0    0.00000
 607.0    0.00000
 608.0    0.00000
 609.0    0.00000
 610.0    0.00000
 611.0    0.00000
 612.0    0.00000
 613.0    0.00000
 614.0    0.00000
 615.0    0.00000
 616.0    0.00000
 617.0    0.00000
 618.0    0.00000
 619.0    0.00000
 620.0    0.00000
 621.0    0.00000
 622.0    0.00000
 623.0    0.00000
 624.0    0.00000
 625.0    0.00000
 626.0    0.00000
 627.0    0.00000
 628.0    0.00000
 629.0    0.00000
 630.0    0.00000
 631.0    0.00000
 632.0    0.00000
 633.0    0.00000
 634.0    0.00000
 635.0    0.00000
 636.0    0.00000
 637.0    0.00000
 638.0    0.00000
 639.0    0.00000
 640.0    0.00000
 641.0    0.00000
 642.0    0.00000
 643.0    0.00000
 644.0    0.00000
 645.0    0.00000
 646.0    0.00000
 647.0    0.00000
 648.0    0.00000
 649.0    0.00000
 650.0    0.00000
 651.0    0.00000
 652.0    0.00000
 653.0    0.00000
 654.0    0.00000
 655.0    0.00000
 656.0    0.00000
 657.0    0.00000
 658.0    0.00000
 659.0    0.00000
 660.0    0.00000
 661.0    0.00000
 662.0    0.00000
 663.0    0.00000
 664.0    0.00000
 665.0    0.00000
 666.0    0.00000
 667.0    0.00000
 668.0    0.00000
 669.0    0.00000
 670.0    0.00000
 671.0    0.00000
 672.0    0.00000
 673.0    0.00000
 674.0    0.00000
 675.0    0.00000
 676.0    0.00000
 677.0    0.00000
 678.0    0.00000
 679.0    0.00000
 680.0    0.00000
 681.0    0.00000
 682.0    0.00000
 683.0    0.00000
 684.0    0.00000
 685.0    0.00000
 686.0    0.00000
 687.0    0.00000
 688.0    0.00000
 689.0    0.00000
 690.0    0.00000
 691.0    0.00000
 692.0    0.00000
 693.0    0.00000
 694.0    0.00000
 695.0    0.00000
 696.0    0.00000
 697.0    0.00000
 698.0    0.00000
 699.0    0.00000
 700.0    0.00000
 701.0    0.00000
 702.0    0.00000
 703.0    0.00000
 704.0    0.00000
 705.0    0.00000
 706.0    0.00000
 707.0    0.00000
 708.0    0.00000
 709.0    0.00000
 710.0    0.00000
 711.0    0.00000
 712.0    0.00000
 713.0    0.00000
 714.0    0.00000
 715.0    0.00000
 716.0    0.00000
 717.0    0.00000
 718.0    0.00000
 719.0    0.00000
 720.0    0.00000
 721.0    0.00000
 722.0    0.00000
 723.0    0.00000
 724.0    0.00000
 725.0    0.00000
 726.0    0.00000
 727.0    0.00000
 728.0    0.00000
 729.0    0.00000
 730.0    0.00000
 731.0    0.00000
 732.0    0.00000
 733.0    0.00000
 734.0    0.00000
 735.0    0.00000
 736.0    0.00000
 737.0    0.00000
 738.0    0.00000
 739.0    0.00000
 740.0    0.00000
 741.0    0.00000
 742.0    0.00000
 743.0    0.00000
 744.0    0.00000
 745.0    0.00000
 746.0    0.00000
 747.0    0.00000
 748.0    0.00000
 749.0    0.00000
 750.0    0.00000
 751.0    0.00000
 752.0    0.00000
 753.0    0.00000
 754.0    0.00000
 755.0    0.00000
 756.0    0.00000
 757.0    0.00000
 758.0    0.00000
 759.0    0.00000
 760.0    0.00000
 761.0    0.00000
 762.0    0.00000
 763.0    0.00000
 764.0    0.00000
 765.0    0.00000
 766.0    0.00000
 767.0    0.00000
 768.0    0.00000
 769.0    0.00000
 770.0    0.00000
 771.0    0.00000
 772.0    0.00000
 773.0    0.00000
 774.0    0.00000
 775.0    0.00000
 776.0    0.00000
 777.0    0.00000
 778.0    0.00000
 779.0    0.00000
 780.0    0.00000
 781.0    0.00000
 782.0    0.00000
 783.0    0.00000
 784.0    0.00000
 785.0    0.00000
 786.0    0.00000
 787.0    0.00000
 788.0    0.00000
 789.0    0.00000
 790.0    0.00000
 791.0    0.00000
 792.0    0.00000
 793.0    0.00000
 794.0    0.00000
 795.0    0.00000
 796.0    0.00000
 797.0    0.00000
 798.0    0.00000
 799.0    0.00000
 800.0    0.00000
 801.0    0.00000
 802.0    0.00000
 803.0    0.00000
 804.0    0.00002
 805.0    0.00003
 806.0    0.00003
 807.0    0.00006
 808.0    0.00011
 809.0    0.00015
 810.0    0.00023
 811.0    0.00029
 812.0    0.00030
 813.0    0.00029
 814.0    0.00024
 815.0    0.00020
 816.0    0.00015
 817.0    0.00011
 818.0    0.00009
 819.0    0.00006
 820.0    0.00003
 821.0    0.00003
 822.0    0.00003
 823.0    0.00003
 824.0    0.00003
 825.0    0.00003
 826.0    0.00002
 827.0    0.00002
 828.0    0.00003
 829.0    0.00003
 830.0    0.00000
 831.0    0.00000
 832.0    0.00000
 833.0    0.00000
 834.0    0.00000
 835.0    0.00000
 836.0    0.00000
 837.0    0.00000
 838.0    0.00000
 839.0    0.00000
 840.0    0.00000
 841.0    0.00000
 842.0    0.00000
 843.0    0.00000
 844.0    0.00000
 845.0    0.00000
 846.0    0.00000
 847.0    0.00000
 848.0    0.00000
 849.0    0.00000
 850.0    0.00000
 851.0    0.00000
 852.0    0.00000
 853.0    0.00000
 854.0    0.00000
 855.0    0.00000
 856.0    0.00000
 857.0    0.00000
 858.0    0.00000
 859.0    0.00000
 860.0    0.00000
 861.0    0.00000
 862.0    0.00000
 863.0    0.00000
 864.0    0.00000
 865.0    0.00000
 866.0    0.00000
 867.0    0.00000
 868.0    0.00000
 869.0    0.00000
 870.0    0.00000
 871.0    0.00000
 872.0    0.00000
 873.0    0.00000
 874.0    0.00000
 875.0    0.00000
 876.0    0.00000
 877.0    0.00000
 878.0    0.00000
 879.0    0.00000
 880.0    0.00000
 881.0    0.00000
 882.0    0.00000
 883.0    0.00000
 884.0    0.00000
 885.0    0.00000
 886.0    0.00000
 887.0    0.00000
 888.0    0.00000
 889.0    0.00000
 890.0    0.00000
 891.0    0.00000
 892.0    0.00000
 893.0    0.00000
 894.0    0.00000
 895.0    0.00000
 896.0    0.00000
 897.0    0.00000
 898.0    0.00000
 899.0    0.00000
 900.0    0.00000
 901.0    0.00000
 902.0    0.00000
 903.0    0.00000
 904.0    0.00000
 905.0    0.00000
 906.0    0.00000
 907.0    0.00000
 908.0    0.00000
 909.0    0.00000
 910.0    0.00000
 911.0    0.00000
 912.0    0.00000
 913.0    0.00000
 914.0    0.00000
 915.0    0.00000
 916.0    0.00000
 917.0    0.00000
 918.0    0.00000
 919.0    0.00000
 920.0    0.00000
 921.0    0.00000
 922.0    0.00000
 923.0    0.00000
 924.0    0.00000
 925.0    0.00000
 926.0    0.00000
 927.0    0.00000
 928.0    0.00000
 929.0    0.00000
 930.0    0.00000
 931.0    0.00000
 932.0    0.00000
 933.0    0.00000
 934.0    0.00000
 935.0    0.00000
 936.0    0.00000
 937.0    0.00000
 938.0    0.00000
 939.0    0.00000
 940.0    0.00000
 941.0    0.00000
 942.0    0.00000
 943.0    0.00000
 944.0    0.00000
 945.0    0.00000
 946.0    0.00000
 947.0    0.00000
 948.0    0.00000
 949.0    0.00000
 950.0    0.00000
 951.0    0.00000
 952.0    0.00000
 953.0    0.00000
 954.0    0.00000
 955.0    0.00000
 956.0    0.00000
 957.0    0.00000
 958.0    0.00000
 959.0    0.00000
 960.0    0.00000
 961.0    0.00000
 962.0    0.00000
 963.0    0.00000
 964.0    0.00000
 965.0    0.00000
 966.0    0.00000
 967.0    0.00000
 968.0    0.00000
 969.0    0.00000
 970.0    0.00000
 971.0    0.00000
 972.0    0.00000
 973.0    0.00000
 974.0    0.00000
 975.0    0.00000
 976.0    0.00000
 977.0    0.00000
 978.0    0.00000
 979.0    0.00000
 980.0    0.00000
 981.0    0.00000
 982.0    0.00000
 983.0    0.00000
 984.0    0.00000
 985.0    0.00000
 986.0    0.00000
 987.0    0.00000
 988.0    0.00000
 989.0    0.00000
 990.0    0.00000
 991.0    0.00000
 992.0    0.00000
 993.0    0.00000
 994.0    0.00000
 995.0    0.00000
 996.0    0.00000
 997.0    0.00000
 998.0    0.00000
 999.0    0.00000
 1000.0    0.00000
 1001.0    0.00000
 1002.0    0.00011
 1003.0    0.00011
 1004.0    0.00017
 1005.0    0.00023
 1006.0    0.00023
 1007.0    0.00011
 1008.0    0.00000
 1009.0    0.00021
 1010.0    0.00021
 1011.0    0.00021
 1012.0    0.00044
 1013.0    0.00044
 1014.0    0.00044
 1015.0    0.00043
 1016.0    0.00043
 1017.0    0.00043
 1018.0    0.00043
 1019.0    0.00043
 1020.0    0.00043
 1021.0    0.00043
 1022.0    0.00043
 1023.0    0.00043
 1024.0    0.00041
 1025.0    0.00041
 1026.0    0.00041
 1027.0    0.00041
 1028.0    0.00041
 1029.0    0.00063
 1030.0    0.00084
 1031.0    0.00063
 1032.0    0.00061
 1033.0    0.00082
 1034.0    0.00102
 1035.0    0.00102
 1036.0    0.00082
 1037.0    0.00082
 1038.0    0.00081
 1039.0    0.00081
 1040.0    0.00081
 1041.0    0.00081
 1042.0    0.00081
 1043.0    0.00081
 1044.0    0.00081
 1045.0    0.00101
 1046.0    0.00120
 1047.0    0.00101
 1048.0    0.00079
 1049.0    0.00079
 1050.0    0.00079
 1051.0    0.00099
 1052.0    0.00119
 1053.0    0.00099
 1054.0    0.00099
 1055.0    0.00119
 1056.0    0.00119
 1057.0    0.00119
 1058.0    0.00119
 1059.0    0.00119
 1060.0    0.00099
 1061.0    0.00098
 1062.0    0.00119
 1063.0    0.00119
 1064.0    0.00119
 1065.0    0.00119
 1066.0    0.00098
 1067.0    0.00098
 1068.0    0.00119
 1069.0    0.00119
 1070.0    0.00119
 1071.0    0.00119
 1072.0    0.00119
 1073.0    0.00119
 1074.0    0.00119
 1075.0    0.00139
 1076.0    0.00139
 1077.0    0.00119
 1078.0    0.00119
 1079.0    0.00119
 1080.0    0.00119
 1081.0    0.00139
 1082.0    0.00139
 1083.0    0.00120
 1084.0    0.00140
 1085.0    0.00160
 1086.0    0.00160
 1087.0    0.00162
 1088.0    0.00162
 1089.0    0.00162
 1090.0    0.00162
 1091.0    0.00163
 1092.0    0.00142
 1093.0    0.00142
 1094.0    0.00163
 1095.0    0.00163
 1096.0    0.00163
 1097.0    0.00163
 1098.0    0.00163
 1099.0    0.00163
 1100.0    0.00163
 1101.0    0.00163
 1102.0    0.00163
 1103.0    0.00163
 1104.0    0.00183
 1105.0    0.00182
 1106.0    0.00182
 1107.0    0.00180
 1108.0    0.00180
 1109.0    0.00200
 1110.0    0.00198
 1111.0    0.00198
 1112.0    0.00198
 1113.0    0.00197
 1114.0    0.00195
 1115.0    0.00195
 1116.0    0.00194
 1117.0    0.00192
 1118.0    0.00191
 1119.0    0.00191
 1120.0    0.00189
 1121.0    0.00189
 1122.0    0.00188
 1123.0    0.00186
 1124.0    0.00185
 1125.0    0.00185
 1126.0    0.00183
 1127.0    0.00182
 1128.0    0.00200
 1129.0    0.00198
 1130.0    0.00197
 1131.0    0.00214
 1132.0    0.00195
 1133.0    0.00178
 1134.0    0.00178
 1135.0    0.00178
 1136.0    0.00177
 1137.0    0.00194
 1138.0    0.00192
 1139.0    0.00192
 1140.0    0.00209
 1141.0    0.00209
 1142.0    0.00192
 1143.0    0.00175
 1144.0    0.00175
 1145.0    0.00175
 1146.0    0.00175
 1147.0    0.00175
 1148.0    0.00175
 1149.0    0.00175
 1150.0    0.00175
 1151.0    0.00175
 1152.0    0.00177
 1153.0    0.00177
 1154.0    0.00177
 1155.0    0.00159
 1156.0    0.00142
 1157.0    0.00162
 1158.0    0.00163
 1159.0    0.00146
 1160.0    0.00148
 1161.0    0.00168
 1162.0    0.00168
 1163.0    0.00150
 1164.0    0.00150
 1165.0    0.00150
 1166.0    0.00148
 1167.0    0.00148
 1168.0    0.00148
 1169.0    0.00146
 1170.0    0.00146
 1171.0    0.00146
 1172.0    0.00145
 1173.0    0.00145
 1174.0    0.00145
 1175.0    0.00145
 1176.0    0.00145
 1177.0    0.00145
 1178.0    0.00145
 1179.0    0.00145
 1180.0    0.00127
 1181.0    0.00127
 1182.0    0.00145
 1183.0    0.00145
 1184.0    0.00145
 1185.0    0.00146
 1186.0    0.00146
 1187.0    0.00146
 1188.0    0.00146
 1189.0    0.00128
 1190.0    0.00110
 1191.0    0.00128
 1192.0    0.00128
 1193.0    0.00128
 1194.0    0.00148
 1195.0    0.00148
 1196.0    0.00128
 1197.0    0.00110
 1198.0    0.00128
 1199.0    0.00148
 1200.0    0.00148
